7.0 7.0 16.0 16.0 16.0 15.0 17.0 17.0 15.0 15.0 15.0 7.0 16.0 16.0 16.0 15.0 17.0 17.0 15.0 15.0 15.0 15.0 17.0 17.0 15.0 17.0 17.0 15.0 15.0 15.0 22.0 22.0 20.0 22.0 22.0 20.0 20.0 20.0 26.0 25.0 27.0 26.0 24.0 24.0 24.0 29.0 31.0 29.0 27.0 27.0 23.0 37.0 34.0 32.0 33.0 25.0 38.0 37.0 33.0 25.0 35.0 31.0 23.0 31.0 23.0 23.0 
7.0 7.0 7.0 9.0 10.0 9.0 11.0 11.0 10.0 10.0 11.0 8.0 8.0 10.0 10.0 10.0 11.0 11.0 10.0 11.0 11.0 8.0 10.0 11.0 10.0 11.0 12.0 11.0 11.0 11.0 10.0 12.0 11.0 13.0 13.0 12.0 12.0 12.0 11.0 12.0 14.0 14.0 13.0 13.0 13.0 10.0 13.0 14.0 13.0 13.0 14.0 12.0 14.0 14.0 14.0 15.0 12.0 14.0 14.0 14.0 11.0 14.0 14.0 11.0 14.0 12.0 
9.0 9.0 18.0 18.0 18.0 17.0 19.0 19.0 17.0 17.0 17.0 9.0 18.0 18.0 18.0 17.0 19.0 19.0 17.0 17.0 17.0 17.0 19.0 19.0 17.0 19.0 19.0 17.0 17.0 17.0 24.0 24.0 22.0 24.0 24.0 22.0 22.0 22.0 28.0 27.0 29.0 28.0 26.0 26.0 26.0 31.0 33.0 31.0 29.0 29.0 25.0 39.0 36.0 34.0 35.0 27.0 40.0 39.0 35.0 27.0 37.0 33.0 25.0 33.0 25.0 25.0 
9.0 9.0 9.0 11.0 12.0 11.0 13.0 13.0 12.0 12.0 13.0 10.0 10.0 12.0 12.0 12.0 13.0 13.0 12.0 13.0 13.0 10.0 12.0 13.0 12.0 13.0 14.0 13.0 13.0 13.0 12.0 14.0 13.0 15.0 15.0 14.0 14.0 14.0 13.0 14.0 16.0 16.0 15.0 15.0 15.0 12.0 15.0 16.0 15.0 15.0 16.0 14.0 16.0 16.0 16.0 17.0 14.0 16.0 16.0 16.0 13.0 16.0 16.0 13.0 16.0 14.0 
10.0 11.0 10.0 11.0 11.0 10.0 11.0 11.0 10.0 10.0 9.0 11.0 11.0 10.0 10.0 10.0 11.0 11.0 10.0 10.0 9.0 10.0 10.0 9.0 9.0 9.0 9.0 9.0 9.0 8.0 10.0 10.0 10.0 10.0 10.0 10.0 10.0 9.0 10.0 10.0 10.0 10.0 10.0 10.0 8.0 9.0 9.0 8.0 9.0 9.0 7.0 10.0 10.0 9.0 9.0 8.0 9.0 9.0 9.0 8.0 8.0 8.0 6.0 8.0 7.0 6.0 
10.0 11.0 10.0 11.0 11.0 10.0 11.0 11.0 10.0 10.0 9.0 10.0 10.0 11.0 11.0 10.0 11.0 11.0 10.0 10.0 9.0 8.0 10.0 10.0 9.0 10.0 10.0 9.0 9.0 8.0 10.0 10.0 9.0 11.0 11.0 10.0 10.0 9.0 9.0 9.0 11.0 11.0 10.0 10.0 9.0 7.0 10.0 10.0 9.0 9.0 8.0 10.0 10.0 9.0 9.0 8.0 9.0 9.0 9.0 8.0 7.0 8.0 7.0 8.0 7.0 6.0 
24.0 24.0 24.0 24.0 24.0 24.0 24.0 24.0 24.0 24.0 24.0 24.0 24.0 24.0 24.0 24.0 24.0 24.0 24.0 24.0 24.0 24.0 24.0 24.0 24.0 24.0 24.0 24.0 24.0 24.0 24.0 24.0 24.0 24.0 24.0 24.0 24.0 24.0 24.0 24.0 24.0 24.0 24.0 24.0 24.0 24.0 24.0 24.0 24.0 24.0 24.0 24.0 24.0 24.0 24.0 24.0 24.0 24.0 24.0 24.0 24.0 24.0 24.0 24.0 24.0 24.0 
78.0 78.0 78.0 78.0 78.0 78.0 78.0 78.0 78.0 78.0 78.0 78.0 78.0 78.0 78.0 78.0 78.0 78.0 78.0 78.0 78.0 78.0 78.0 78.0 78.0 78.0 78.0 78.0 78.0 78.0 78.0 78.0 78.0 78.0 78.0 78.0 78.0 78.0 78.0 78.0 78.0 78.0 78.0 78.0 78.0 78.0 78.0 78.0 78.0 78.0 78.0 78.0 78.0 78.0 78.0 78.0 78.0 78.0 78.0 78.0 78.0 78.0 78.0 78.0 78.0 78.0 
15.0 13.0 15.0 15.0 13.0 15.0 15.0 13.0 15.0 15.0 13.0 13.0 15.0 15.0 13.0 15.0 15.0 13.0 15.0 15.0 13.0 13.0 13.0 11.0 13.0 13.0 11.0 13.0 13.0 11.0 15.0 13.0 15.0 15.0 13.0 15.0 15.0 13.0 13.0 15.0 15.0 13.0 15.0 15.0 13.0 13.0 13.0 11.0 13.0 13.0 11.0 15.0 13.0 15.0 15.0 13.0 13.0 15.0 15.0 13.0 13.0 13.0 11.0 15.0 13.0 13.0 
67.0 68.0 68.0 68.0 68.0 68.0 68.0 68.0 68.0 68.0 68.0 67.0 68.0 68.0 68.0 68.0 68.0 68.0 68.0 68.0 67.0 68.0 68.0 68.0 68.0 68.0 68.0 68.0 68.0 68.0 68.0 68.0 68.0 68.0 68.0 68.0 68.0 67.0 68.0 68.0 67.0 67.0 67.0 67.0 67.0 68.0 68.0 67.0 68.0 68.0 68.0 67.0 68.0 67.0 68.0 68.0 67.0 67.0 68.0 67.0 67.0 68.0 68.0 68.0 68.0 68.0 
