7.0 7.0 7.0 9.0 10.0 9.0 8.0 9.0 10.0 10.0 10.0 9.0 10.0 11.0 10.0 10.0 12.0 11.0 11.0 12.0 10.0 9.0 10.0 11.0 11.0 10.0 10.0 12.0 12.0 12.0 11.0 13.0 13.0 11.0 12.0 11.0 10.0 12.0 12.0 12.0 11.0 13.0 13.0 12.0 13.0 11.0 11.0 13.0 13.0 13.0 14.0 12.0 12.0 13.0 13.0 11.0 
9.0 9.0 9.0 11.0 12.0 11.0 10.0 11.0 12.0 12.0 12.0 11.0 12.0 13.0 12.0 12.0 14.0 13.0 13.0 14.0 12.0 11.0 12.0 13.0 13.0 12.0 12.0 14.0 14.0 14.0 13.0 15.0 15.0 13.0 14.0 13.0 12.0 14.0 14.0 14.0 13.0 15.0 15.0 14.0 15.0 13.0 13.0 15.0 15.0 15.0 16.0 14.0 14.0 15.0 15.0 13.0 
13.0 13.0 12.0 13.0 13.0 11.0 13.0 13.0 12.0 12.0 11.0 12.0 12.0 12.0 11.0 12.0 12.0 10.0 11.0 10.0 9.0 13.0 13.0 12.0 12.0 11.0 12.0 12.0 12.0 11.0 11.0 11.0 9.0 11.0 10.0 9.0 12.0 12.0 12.0 11.0 12.0 12.0 10.0 10.0 9.0 8.0 11.0 11.0 9.0 10.0 9.0 8.0 10.0 9.0 8.0 7.0 
13.0 13.0 12.0 13.0 13.0 11.0 12.0 12.0 13.0 13.0 11.0 11.0 13.0 13.0 11.0 12.0 12.0 10.0 12.0 11.0 10.0 11.0 11.0 12.0 12.0 10.0 11.0 13.0 13.0 11.0 12.0 12.0 10.0 12.0 11.0 10.0 10.0 12.0 12.0 10.0 11.0 11.0 9.0 12.0 11.0 10.0 10.0 10.0 8.0 11.0 10.0 9.0 11.0 10.0 9.0 8.0 
16.0 16.0 16.0 16.0 16.0 16.0 16.0 16.0 16.0 16.0 16.0 16.0 16.0 16.0 16.0 16.0 16.0 16.0 16.0 16.0 16.0 16.0 16.0 16.0 16.0 16.0 16.0 16.0 16.0 16.0 16.0 16.0 16.0 16.0 16.0 16.0 16.0 16.0 16.0 16.0 16.0 16.0 16.0 16.0 16.0 16.0 16.0 16.0 16.0 16.0 16.0 16.0 16.0 16.0 16.0 16.0 
10.0 10.0 9.0 9.0 9.0 9.0 12.0 5.0 5.0 5.0 5.0 5.0 5.0 5.0 5.0 11.0 7.0 7.0 7.0 7.0 11.0 12.0 5.0 5.0 5.0 5.0 5.0 5.0 5.0 5.0 11.0 7.0 7.0 7.0 7.0 11.0 9.0 9.0 9.0 9.0 11.0 7.0 7.0 7.0 7.0 11.0 11.0 7.0 7.0 7.0 7.0 11.0 14.0 14.0 16.0 16.0 
79.0 79.0 80.0 79.0 79.0 78.0 77.0 79.0 77.0 79.0 79.0 79.0 79.0 77.0 79.0 79.0 78.0 79.0 80.0 78.0 77.0 77.0 79.0 79.0 80.0 80.0 79.0 78.0 80.0 79.0 79.0 79.0 80.0 78.0 77.0 78.0 79.0 78.0 79.0 80.0 77.0 78.0 78.0 79.0 78.0 79.0 80.0 79.0 80.0 79.0 78.0 78.0 77.0 78.0 77.0 77.0 
36.0 36.0 36.0 36.0 36.0 36.0 36.0 36.0 36.0 36.0 36.0 36.0 36.0 36.0 36.0 36.0 36.0 36.0 36.0 36.0 36.0 36.0 36.0 36.0 36.0 36.0 36.0 36.0 36.0 36.0 36.0 36.0 36.0 36.0 36.0 36.0 36.0 36.0 36.0 36.0 36.0 36.0 36.0 36.0 36.0 36.0 36.0 36.0 36.0 36.0 36.0 36.0 36.0 36.0 36.0 36.0 
7.0 11.0 11.0 11.0 10.0 7.0 11.0 15.0 15.0 14.0 11.0 11.0 15.0 14.0 11.0 11.0 14.0 11.0 10.0 10.0 7.0 11.0 15.0 15.0 14.0 11.0 14.0 18.0 17.0 14.0 14.0 17.0 14.0 13.0 13.0 10.0 11.0 15.0 14.0 11.0 15.0 18.0 15.0 14.0 14.0 11.0 11.0 14.0 11.0 14.0 14.0 11.0 10.0 10.0 10.0 7.0 
13.0 21.0 23.0 21.0 18.0 13.0 21.0 31.0 29.0 26.0 21.0 23.0 31.0 28.0 23.0 21.0 26.0 21.0 18.0 18.0 13.0 23.0 33.0 31.0 28.0 23.0 32.0 40.0 37.0 32.0 30.0 35.0 30.0 27.0 27.0 22.0 25.0 33.0 30.0 25.0 33.0 38.0 33.0 30.0 30.0 25.0 23.0 28.0 23.0 28.0 28.0 23.0 20.0 20.0 20.0 15.0 
17.0 17.0 17.0 17.0 17.0 17.0 17.0 17.0 17.0 17.0 17.0 17.0 17.0 17.0 17.0 17.0 17.0 17.0 17.0 17.0 17.0 17.0 17.0 17.0 17.0 17.0 17.0 17.0 17.0 17.0 17.0 17.0 17.0 17.0 17.0 17.0 17.0 17.0 17.0 17.0 17.0 17.0 17.0 17.0 17.0 17.0 17.0 17.0 17.0 17.0 17.0 17.0 17.0 17.0 17.0 17.0 
