6.0 6.0 14.0 13.0 14.0 14.0 12.0 6.0 14.0 13.0 14.0 14.0 12.0 14.0 14.0 14.0 14.0 12.0 18.0 18.0 18.0 16.0 22.0 21.0 20.0 24.0 20.0 18.0 
6.0 6.0 7.0 8.0 9.0 9.0 9.0 7.0 8.0 9.0 9.0 10.0 9.0 8.0 9.0 10.0 10.0 9.0 9.0 11.0 11.0 11.0 10.0 12.0 12.0 10.0 11.0 10.0 
8.0 8.0 16.0 15.0 16.0 16.0 14.0 8.0 16.0 15.0 16.0 16.0 14.0 16.0 16.0 16.0 16.0 14.0 20.0 20.0 20.0 18.0 24.0 23.0 22.0 26.0 22.0 20.0 
8.0 8.0 9.0 10.0 11.0 11.0 11.0 9.0 10.0 11.0 11.0 12.0 11.0 10.0 11.0 12.0 12.0 11.0 11.0 13.0 13.0 13.0 12.0 14.0 14.0 12.0 13.0 12.0 
8.0 9.0 9.0 9.0 9.0 9.0 7.0 9.0 9.0 8.0 9.0 9.0 7.0 9.0 9.0 8.0 8.0 7.0 8.0 8.0 8.0 7.0 8.0 8.0 6.0 7.0 6.0 5.0 
8.0 9.0 9.0 9.0 9.0 9.0 7.0 8.0 9.0 9.0 9.0 9.0 7.0 8.0 8.0 9.0 9.0 7.0 7.0 9.0 9.0 7.0 8.0 8.0 6.0 7.0 6.0 5.0 
16.0 16.0 16.0 16.0 16.0 16.0 16.0 16.0 16.0 16.0 16.0 16.0 16.0 16.0 16.0 16.0 16.0 16.0 16.0 16.0 16.0 16.0 16.0 16.0 16.0 16.0 16.0 16.0 
36.0 36.0 36.0 36.0 36.0 36.0 36.0 36.0 36.0 36.0 36.0 36.0 36.0 36.0 36.0 36.0 36.0 36.0 36.0 36.0 36.0 36.0 36.0 36.0 36.0 36.0 36.0 36.0 
11.0 11.0 11.0 11.0 11.0 11.0 11.0 11.0 11.0 11.0 11.0 11.0 11.0 11.0 11.0 11.0 11.0 11.0 11.0 11.0 11.0 11.0 11.0 11.0 11.0 11.0 11.0 11.0 
29.0 29.0 29.0 29.0 29.0 29.0 29.0 29.0 29.0 29.0 29.0 29.0 29.0 29.0 29.0 29.0 29.0 29.0 29.0 29.0 29.0 29.0 29.0 29.0 29.0 29.0 29.0 29.0 
