7.0 9.25 10.964285714285714 12.2 12.928571428571429 13.035714285714286 12.125 8.0 
9.0 11.25 12.964285714285714 14.2 14.928571428571429 15.035714285714286 14.125 11.0 
4.75 7.964285714285714 11.0 13.885714285714286 16.767857142857142 19.607142857142858 22.375 25.0 
4.75 8.0 11.178571428571429 13.585714285714285 16.017857142857142 18.428571428571427 21.5 25.0 
16.0 16.0 16.0 16.0 16.0 16.0 16.0 16.0 
8.0 11.0 8.142857142857142 6.114285714285714 5.428571428571429 5.142857142857143 5.0 5.0 
130.0 95.71428571428571 78.57142857142857 71.71428571428571 70.0 70.0 70.0 70.0 
36.0 36.0 36.0 36.0 36.0 36.0 8.0 8.0 
7.875 10.75 12.446428571428571 12.657142857142857 12.321428571428571 11.178571428571429 9.5 8.0 
19.375 23.75 25.696428571428573 23.942857142857143 21.178571428571427 16.678571428571427 11.5 8.0 
16.0 16.0 16.0 16.0 16.0 16.0 16.0 16.0 
