9.25 9.972222222222221 10.422222222222222 11.484848484848484 12.761904761904763 14.226315789473684 16.374712643678162 17.807692307692307 
11.25 11.972222222222221 12.422222222222222 13.484848484848484 14.761904761904763 16.226315789473684 18.374712643678162 19.807692307692307 
7.964285714285714 8.583333333333334 8.88888888888889 9.409090909090908 10.057142857142857 10.973684210526315 12.119540229885057 13.014102564102565 
8.0 8.833333333333334 8.933333333333334 9.484848484848484 10.380952380952381 11.078947368421053 12.296551724137931 13.174358974358974 
16.0 18.0 20.0 24.0 30.0 40.0 60.0 80.0 
11.0 11.88888888888889 12.6 13.666666666666666 14.733333333333333 16.6 18.733333333333334 20.6 
29.0 37.0 46.0 67.75757575757575 107.42857142857143 181.26315789473685 326.0 506.45  
36.0 45.0 55.0 78.0 0.0 0.0 0.0 0.0 
10.75 11.333333333333334 11.8 13.666666666666666 0.0 0.0 0.0 0.0 
23.75 24.666666666666668 26.2 31.333333333333332 0.0 0.0 0.0 0.0 
16.0 18.0 20.0 24.0 30.0 40.0 60.0 80.0 