6.0 6.0 7.0 8.0 9.0 9.0 9.0 7.0 8.0 9.0 9.0 10.0 9.0 8.0 9.0 10.0 10.0 9.0 9.0 11.0 11.0 11.0 10.0 12.0 12.0 10.0 11.0 10.0 
8.0 8.0 9.0 10.0 11.0 11.0 11.0 9.0 10.0 11.0 11.0 12.0 11.0 10.0 11.0 12.0 12.0 11.0 11.0 13.0 13.0 13.0 12.0 14.0 14.0 12.0 13.0 12.0 
8.0 9.0 9.0 9.0 9.0 9.0 7.0 9.0 9.0 8.0 9.0 9.0 7.0 9.0 9.0 8.0 8.0 7.0 8.0 8.0 8.0 7.0 8.0 8.0 6.0 7.0 6.0 5.0 
8.0 9.0 9.0 9.0 9.0 9.0 7.0 8.0 9.0 9.0 9.0 9.0 7.0 8.0 8.0 9.0 9.0 7.0 7.0 9.0 9.0 7.0 8.0 8.0 6.0 7.0 6.0 5.0 
16.0 16.0 16.0 16.0 16.0 16.0 16.0 16.0 16.0 16.0 16.0 16.0 16.0 16.0 16.0 16.0 16.0 16.0 16.0 16.0 16.0 16.0 16.0 16.0 16.0 16.0 16.0 16.0 
11.0 11.0 11.0 11.0 11.0 11.0 11.0 11.0 11.0 11.0 11.0 11.0 11.0 11.0 11.0 11.0 11.0 11.0 11.0 11.0 11.0 11.0 11.0 11.0 11.0 11.0 11.0 11.0 
97.0 95.0 95.0 97.0 96.0 95.0 95.0 97.0 96.0 98.0 95.0 97.0 96.0 95.0 95.0 94.0 97.0 97.0 98.0 96.0 96.0 97.0 95.0 94.0 96.0 95.0 93.0 93.0 
36.0 36.0 36.0 36.0 36.0 36.0 36.0 36.0 36.0 36.0 36.0 36.0 36.0 36.0 36.0 36.0 36.0 36.0 36.0 36.0 36.0 36.0 36.0 36.0 36.0 36.0 36.0 36.0 
6.0 10.0 10.0 10.0 10.0 9.0 6.0 10.0 14.0 14.0 14.0 13.0 10.0 10.0 14.0 14.0 13.0 10.0 10.0 14.0 13.0 10.0 10.0 13.0 10.0 9.0 9.0 6.0 
12.0 22.0 20.0 22.0 20.0 17.0 12.0 24.0 32.0 34.0 32.0 29.0 24.0 22.0 32.0 30.0 27.0 22.0 24.0 32.0 29.0 24.0 22.0 27.0 22.0 19.0 19.0 14.0 
